 EE     3.122300E-01  3.122300E-01  1
 SW     4.730000E-01  4.730000E-01  1
 s12    2.210000E-01  2.210000E-01  1
 s23    4.100000E-02  4.100000E-02  1
 s13    3.500000E-03  3.500000E-03  1
 Mm     1.057000E-01  1.057000E-01  1
 Ml     1.777000E+00  1.777000E+00  1
 McMc   1.420000E+00  1.420000E+00  1
 Ms     2.000000E-01  2.000000E-01  1
 MbMb   4.620000E+00  4.620000E+00  1
 Mtpole 1.750000E+02  1.750000E+02  1
 MZ     9.118840E+01  9.118840E+01  1
 MH     125.          128.           1   
 wtp    1.590000E+00  1.590000E+00   1        
 v      2.460000E+02  2.460000E+02   1
 rc     3.453000E+01  3.453000E+01   1
 g10    0.7           0.7            1
 gH     0.026         0.026          1
 gZ     0.0033        0.0033         1 
 gZp    0.0           0              1
 gUp    0.0			  0              1   		
 gtl    0.0			  0              1
 gtr    0.0      	  0              1
 gll    0.0			  0              1  
 grl    1.0           1              1
 xWr    0.            0              1
 gHZ    0.7			  0.7            1    
 MZp    5000.         5000           1    
 MWp    5000.         5000           1
 cr    -0.5           -0.5           1
MLZP  2200.           2200           1
Mul   5000.           5000           1 
Mur   5000.		      5000           1
Mn5   5000.			  5000           1   
Mtl   5000.			  5000           1
Mbl   5000.			  5000           1
Mbr   5000.     	  5000           1  
mixzzp 0.001		  0.001          1