MHc  2.500000E+02       2.500000E+02 1
aMu  1.500000E+02	1.500000E+02	1
fiMu 0.000000E+00	0.000000E+00	1
aAt  1.000000E+03	1.000000E+03	1
fiAt 9.000000E+01	9.000000E+01	1
aAb  1.000000E+03	1.000000E+03	1
fiAb 9.000000E+01	9.000000E+01	1
aAl  1.000000E+03	1.000000E+03	1
fiAl 9.000000E+01	9.000000E+01	1
aAe  1.000000E+03	1.000000E+03	1
fiAe 9.000000E+01	9.000000E+01	1
aM1  1.000000E+02	1.000000E+02	1
fiM1 0.000000E+00	0.000000E+00	1
aM2  2.000000E+02	2.000000E+02	1
fiM2 0.000000E+00	0.000000E+00	1
aM3  1.000000E+03	1.000000E+03	1
fiM3 0.000000E+00	0.000000E+00	1
Ml2  1.000000E+03	1.000000E+03	1
Ml3  5.000000E+02	5.000000E+02	1
Mr2  1.000000E+03	1.000000E+03	1
Mr3  5.000000E+02	5.000000E+02 1
Mq2  1.000000E+03   1.000000E+03	1
Mq3  5.000000E+02    5.000000E+02   1
Mu2  1.000000E+03     1.000000E+03 1
Mu3  5.000000E+02     5.000000E+02  1
Md2  1.000000E+03    1.000000E+03 1
Md3  5.000000E+02    5.000000E+02 1
tb   5.000000E+00    8.000000E+00   1
Mtp  171.4            171.4 1
